#'chr'	'start'	'end'	'blunt.KKL_35_0_25X.bam'	'cap.KKL_35_0_25X.bam'	'dual_pen.KKL_35_0_25X.bam'	'erm.KKL_35_0_25X.bam'	'pen.KKL_35_0_25X.bam'	'tuf.KKL_35_0_25X.bam'
NC_007795.1	2500004	2500006	4.0	3.0	1.0	1.0	2.0	10.0
NC_007795.1	2500008	2500010	3.0	11.0	0.0	1.0	2.0	11.0
NC_007795.1	2500020	2500022	4.0	13.0	8.0	2.0	5.0	13.0
NC_007795.1	2500022	2500024	27.0	15.0	8.0	3.0	7.0	18.0
NC_007795.1	2500031	2500033	27.0	13.0	8.0	3.0	6.0	23.0
NC_007795.1	2500033	2500035	26.0	12.0	8.0	3.0	5.0	23.0
NC_007795.1	2500037	2500039	28.0	12.0	6.0	5.0	7.0	16.0
NC_007795.1	2500043	2500045	6.0	11.0	6.0	4.0	5.0	10.0
NC_007795.1	2500050	2500052	5.0	6.0	5.0	4.0	5.0	6.0
NC_007795.1	2500058	2500060	1.0	5.0	0.0	0.0	1.0	2.0
NC_007795.1	2500061	2500063	3.0	0.0	0.0	0.0	0.0	0.0
NC_007795.1	2500065	2500067	4.0	2.0	0.0	13.0	1.0	3.0
NC_007795.1	2500077	2500079	5.0	3.0	0.0	13.0	8.0	8.0
NC_007795.1	2500085	2500087	5.0	1.0	0.0	1.0	7.0	6.0
NC_007795.1	2500089	2500091	4.0	1.0	0.0	1.0	6.0	4.0
NC_007795.1	2500097	2500099	2.0	0.0	0.0	1.0	0.0	1.0
NC_007795.1	2500103	2500105	1.0	0.0	0.0	0.0	0.0	0.0
NC_007795.1	2500110	2500112	1.0	3.0	0.0	2.0	0.0	0.0
NC_007795.1	2500124	2500126	1.0	3.0	0.0	3.0	1.0	1.0
NC_007795.1	2500131	2500133	1.0	3.0	4.0	2.0	3.0	27.0
NC_007795.1	2500148	2500150	2.0	8.0	0.0	3.0	10.0	1.0
NC_007795.1	2500150	2500152	3.0	9.0	5.0	6.0	10.0	2.0
NC_007795.1	2500158	2500160	3.0	9.0	5.0	6.0	10.0	2.0
NC_007795.1	2500167	2500169	0.0	0.0	0.0	1.0	0.0	0.0
NC_007795.1	2500175	2500177	0.0	0.0	0.0	1.0	0.0	0.0
NC_007795.1	2500181	2500183	3.0	2.0	1.0	11.0	10.0	11.0
NC_007795.1	2500193	2500195	4.0	3.0	13.0	13.0	11.0	18.0
NC_007795.1	2500214	2500216	3.0	3.0	1.0	2.0	1.0	16.0
NC_007795.1	2500219	2500221	3.0	4.0	2.0	2.0	1.0	18.0
NC_007795.1	2500223	2500225	3.0	4.0	2.0	2.0	1.0	18.0
NC_007795.1	2500232	2500234	0.0	1.0	1.0	0.0	1.0	2.0
NC_007795.1	2500253	2500255	10.0	5.0	1.0	3.0	2.0	35.0
NC_007795.1	2500265	2500267	12.0	6.0	6.0	3.0	2.0	34.0
NC_007795.1	2500280	2500282	4.0	7.0	6.0	5.0	1.0	1.0
NC_007795.1	2500282	2500284	2.0	5.0	1.0	5.0	1.0	2.0
NC_007795.1	2500286	2500288	1.0	2.0	1.0	0.0	2.0	3.0
NC_007795.1	2500293	2500295	1.0	0.0	1.0	2.0	1.0	2.0
NC_007795.1	2500299	2500301	1.0	0.0	1.0	2.0	1.0	1.0
NC_007795.1	2500305	2500307	0.0	0.0	0.0	2.0	0.0	0.0
NC_007795.1	2500326	2500328	0.0	0.0	0.0	0.0	0.0	0.0
NC_007795.1	2500340	2500342	1.0	0.0	2.0	1.0	0.0	0.0
NC_007795.1	2500344	2500346	1.0	0.0	2.0	1.0	0.0	0.0
NC_007795.1	2500352	2500354	1.0	1.0	3.0	1.0	0.0	0.0
NC_007795.1	2500376	2500378	2.0	0.0	1.0	0.0	1.0	6.0
NC_007795.1	2500380	2500382	2.0	0.0	0.0	0.0	2.0	2.0
NC_007795.1	2500394	2500396	0.0	0.0	0.0	0.0	1.0	0.0
NC_007795.1	2500409	2500411	1.0	0.0	0.0	0.0	0.0	2.0
NC_007795.1	2500428	2500430	0.0	0.0	0.0	0.0	1.0	2.0
NC_007795.1	2500468	2500470	2.0	2.0	3.0	0.0	1.0	1.0
NC_007795.1	2500485	2500487	0.0	1.0	1.0	1.0	2.0	0.0
NC_007795.1	2500488	2500490	3.0	1.0	1.0	0.0	2.0	0.0
NC_007795.1	2500496	2500498	3.0	0.0	1.0	1.0	1.0	1.0
NC_007795.1	2500509	2500511	2.0	8.0	0.0	2.0	2.0	2.0
NC_007795.1	2500512	2500514	2.0	8.0	0.0	1.0	2.0	1.0
NC_007795.1	2500526	2500528	1.0	0.0	0.0	0.0	0.0	0.0
NC_007795.1	2500559	2500561	6.0	8.0	1.0	2.0	8.0	1.0
NC_007795.1	2500571	2500573	11.0	9.0	3.0	2.0	9.0	1.0
NC_007795.1	2500583	2500585	9.0	11.0	3.0	2.0	7.0	5.0
NC_007795.1	2500588	2500590	7.0	10.0	2.0	3.0	11.0	6.0
NC_007795.1	2500610	2500612	0.0	0.0	0.0	0.0	0.0	0.0
NC_007795.1	2500629	2500631	0.0	0.0	0.0	0.0	0.0	0.0
NC_007795.1	2500661	2500663	12.0	1.0	5.0	3.0	0.0	1.0
NC_007795.1	2500682	2500684	1.0	1.0	1.0	4.0	0.0	1.0
NC_007795.1	2500685	2500687	2.0	2.0	16.0	8.0	1.0	2.0
NC_007795.1	2500694	2500696	1.0	2.0	15.0	4.0	1.0	1.0
NC_007795.1	2500700	2500702	1.0	2.0	15.0	4.0	1.0	2.0
NC_007795.1	2500707	2500709	0.0	1.0	1.0	3.0	1.0	1.0
NC_007795.1	2500710	2500712	0.0	1.0	1.0	3.0	1.0	1.0
NC_007795.1	2500718	2500720	1.0	2.0	1.0	3.0	1.0	0.0
NC_007795.1	2500740	2500742	1.0	0.0	1.0	4.0	1.0	2.0
NC_007795.1	2500748	2500750	1.0	0.0	2.0	4.0	1.0	2.0
NC_007795.1	2500766	2500768	4.0	2.0	14.0	0.0	1.0	4.0
NC_007795.1	2500773	2500775	3.0	0.0	4.0	0.0	2.0	9.0
NC_007795.1	2500775	2500777	7.0	0.0	15.0	0.0	2.0	17.0
NC_007795.1	2500779	2500781	5.0	4.0	13.0	7.0	1.0	16.0
NC_007795.1	2500781	2500783	5.0	4.0	12.0	7.0	1.0	16.0
NC_007795.1	2500793	2500795	0.0	4.0	0.0	7.0	0.0	1.0
NC_007795.1	2500819	2500821	17.0	1.0	1.0	5.0	2.0	7.0
NC_007795.1	2500827	2500829	17.0	1.0	1.0	5.0	2.0	7.0
NC_007795.1	2500829	2500831	18.0	4.0	1.0	13.0	1.0	9.0
NC_007795.1	2500850	2500852	22.0	4.0	3.0	5.0	3.0	4.0
NC_007795.1	2500856	2500858	23.0	2.0	2.0	3.0	0.0	2.0
NC_007795.1	2500874	2500876	0.0	0.0	0.0	0.0	0.0	1.0
NC_007795.1	2500886	2500888	6.0	1.0	4.0	1.0	3.0	3.0
NC_007795.1	2500896	2500898	7.0	3.0	11.0	1.0	4.0	3.0
NC_007795.1	2500901	2500903	7.0	2.0	8.0	1.0	3.0	3.0
NC_007795.1	2500908	2500910	1.0	2.0	7.0	0.0	1.0	1.0
NC_007795.1	2500916	2500918	0.0	0.0	0.0	0.0	0.0	0.0
NC_007795.1	2500934	2500936	1.0	0.0	1.0	1.0	0.0	6.0
NC_007795.1	2500943	2500945	2.0	0.0	0.0	2.0	1.0	8.0
NC_007795.1	2500945	2500947	2.0	3.0	0.0	2.0	1.0	10.0
NC_007795.1	2500961	2500963	1.0	0.0	1.0	2.0	0.0	7.0
NC_007795.1	2500964	2500966	1.0	1.0	1.0	3.0	1.0	2.0
NC_007795.1	2500978	2500980	0.0	1.0	0.0	2.0	1.0	0.0
NC_007795.1	2500994	2500996	0.0	0.0	1.0	2.0	0.0	0.0
NC_007795.1	2501010	2501012	0.0	0.0	3.0	2.0	9.0	1.0
NC_007795.1	2501013	2501015	0.0	0.0	2.0	0.0	9.0	1.0
NC_007795.1	2501022	2501024	5.0	0.0	2.0	0.0	10.0	1.0
NC_007795.1	2501028	2501030	6.0	0.0	0.0	1.0	1.0	0.0
